# Elif Kardas - 2017
####################################################################################
#                                                                                  #
#           Stabilization and fitness differences of algae species                 #
#                  exposed to the mixture of pharmaceuticals                       #
#                 (calculation + analysis of the differences)                      #
#                                                                                  #
####################################################################################

####################################################################################
#                                                                                  #
#             A.  Stabilization and fitness differences calculations               #
#                                                                                  #
####################################################################################
# All the following values in the vectors have been calculated with Python. 
# See: https://github.com/ElifKardas/MasterThesisLambdaAlphaCalculationScripts
####################################################################################
#             A.1. For association 1- c0,c1,c10,c100                               #
####################################################################################

## Load the data 
l1 <- c(99.9999999999999,2.419107081218254152e+01, 2.283605497553037722e+01,
        7.664215307022573143e+00, 6.533259264632527596e+00, 6.058567750413423880e+00,
        1.027546032592450409e+01, 1.167290479085182753e+01, 7.475477678988427854e+00,
        5.023362034817069599e+01, 8.611707922666278492e+00, 1.806148581052184099e+01
        )
l2 <- c(30.8272190616564,3.624100420886670548e+01, 2.231884784827114387e+01,
        2.232230930575889971e+01, 1.455629061720881623e+01, 1.706202023697022341e+01,
        3.250366639058563578e+01,2.174485679638635816e+01, 2.689159579558246804e+01,
        3.754180978379002909e+01, 2.498481670767827367e+01, 3.468765972679111798e+01
        )

a12 <- c(3.602218692341460481e-26, 2.335607062802659301e-03, 2.348650314651990270e-02,
         1.105338991369805799e-17, 3.927714152158269826e-04, 1.757972109940056888e-20,
         4.184551532820311297e-21, 9.398612433213970538e-04, 8.995816353454879616e-24,
         2.782201661297010629e-04, 1.931376028667157463e-03, 2.512487601415229448e-21
         )

a21 <- c(3.595189503137681195e-03, 3.595189503137681195e-03, 2.981028461232772503e-04,
         2.162949244101708846e-03, 2.162949244101708846e-03, 2.162949244101708846e-03,
         3.479856063604090232e-03, 2.911633482363844023e-03, 3.479856063604090232e-03,
         4.260738188156296125e-03, 3.880050630807366750e-03, 4.260738188156296125e-03
         )
a11 <- c(3.466641376545980674e-02, 1.052147081439682406e-02, 8.013411464279527816e-03,
         2.333018871415890472e-03, 2.350385749518380495e-03, 2.433631553058584508e-03,
         3.884039453296155107e-03, 5.331274780456979855e-03, 3.085387685759056510e-03,
         2.427706107901490828e-02, 3.109218569415480009e-03, 7.894072880167198047e-03
         )
a22 <- c(3.891014119919793644e-03, 4.931400376467440401e-03, 2.608765225991797193e-03,
         2.899652854242486602e-03, 1.810471086099515450e-03, 1.965205596434788961e-03,
         4.083883605982628617e-03, 3.214096882981266282e-03, 3.275978963804103070e-03,
         4.811869561239899909e-03, 3.387959134860759128e-03, 4.772233101526628107e-03
         )

## Stabilization for species 1
denom1 <- 1+(a12/a22)*(l2-1)
stab_a1_sp1 <- l2/denom1
stab_a1_sp1
## Stabilization for species 2 
denom2 <- 1+(a21/a11)*(l1-1)
stab_a1_sp2<- l1/denom2
stab_a1_sp2

## Fitness differences for species 1
FD_a1_sp1 <- l1/l2
FD_a1_sp1
## Fitness differences for species 2
FD_a1_sp2<- l2/l1
FD_a1_sp2

####################################################################################
#             A.2. For association 2- c0,c1,c10,c100                               #
####################################################################################

## Load the data 
l1 <- c(99.9999999999999,2.419107081218254152e+01, 2.283605497553037722e+01,
        7.664215307022573143e+00, 6.533259264632527596e+00, 6.058567750413423880e+00,
        1.027546032592450409e+01, 1.167290479085182753e+01, 7.475477678988427854e+00,
        5.023362034817069599e+01, 8.611707922666278492e+00, 1.806148581052184099e+01
)
l2 <- l3 <- c(2.211149962822818438e+01, 2.221679366422421609e+01, 2.123783831627480367e+01,
              3.850557943450959808e+00, 3.950287575930283346e+00, 4.467166878639175387e+00,
              9.692570078353361041e+00, 9.076268394985822496e+00, 7.101851368792775787e+00,
              1.163952255137472669e+01, 6.698594803756167337e+00, 6.452089075894939185e+00
              )

a12 <- a13 <- c(1.976070223451066588e-02, 3.463023134156176588e-03,1.239197565682879270e-03,
                2.361134906329751676e-03, 1.417238089148222359e-04, 2.361134906329751676e-03,
                2.310723513430507410e-29, 2.342998206637909799e-04, 1.601076249162856871e-32,
                9.333135633316901741e-04, 1.883130969591412087e-30, 2.626469931060703127e-04
                )

a21 <- a31 <- c(5.485602824941562990e-03,5.485602824941227321e-03,5.485602824941562990e-03,
                2.577490034168191269e-03,2.577490034168193004e-03,2.577490034168193004e-03,
                8.547875477512198103e-03,8.547875477512199838e-03,8.547875477512199838e-03,
                8.104097994650588666e-03,8.104097994650588666e-03,8.104097994650588666e-03
                )

a11 <- c(3.466641376545980674e-02, 1.052147081439682406e-02, 8.013411464279527816e-03,
         2.333018871415890472e-03, 2.350385749518380495e-03, 2.433631553058584508e-03,
         3.884039453296155107e-03, 5.331274780456979855e-03, 3.085387685759056510e-03,
         2.427706107901490828e-02, 3.109218569415480009e-03, 7.894072880167198047e-03
)
a22 <- a33 <- c(5.978498416761827798e-03,5.793968353154222047e-03,4.832258537747503510e-03,
                2.297425169712937355e-03,2.522943223541755133e-03,2.841078134617889238e-03,
                1.194380294127509248e-02,9.091579557870665268e-03,6.495388344200125376e-03,
                1.320187490844237400e-02,6.809225310120870303e-03,6.268070063650764065e-03
                )
## Stabilization for species 1
denom1 <- 1+(a12/a22)*(l2-1)
stab_a2_sp1 <- l2/denom1
stab_a2_sp1
## Stabilization for species 3
denom2 <- 1+(a21/a11)*(l1-1)
stab_a2_sp3<- l1/denom2
stab_a2_sp3

## Fitness differences for species 1
FD_a2_sp1 <- l1/l2
FD_a2_sp1
## Fitness differences for species 3
FD_a2_sp3<- l2/l1
FD_a2_sp3

####################################################################################
#             A.3. For association 3- c0,c1,c10,c100                               #
####################################################################################

## Load the data 
l1 <- l2 <- c(30.8272190616564,3.624100420886670548e+01, 2.231884784827114387e+01,
        2.232230930575889971e+01, 1.455629061720881623e+01, 1.706202023697022341e+01,
        3.250366639058563578e+01,2.174485679638635816e+01, 2.689159579558246804e+01,
        3.754180978379002909e+01, 2.498481670767827367e+01, 3.468765972679111798e+01
        )
l2 <- l3 <- c(2.211149962822818438e+01, 2.221679366422421609e+01, 2.123783831627480367e+01,
              3.850557943450959808e+00, 3.950287575930283346e+00, 4.467166878639175387e+00,
              9.692570078353361041e+00, 9.076268394985822496e+00, 7.101851368792775787e+00,
              1.163952255137472669e+01, 6.698594803756167337e+00, 6.452089075894939185e+00
              )

